64 5
154 -83
202 -86
289 105
331 101
379 101
445 108
492 s
531 108
604 298
645 296
734 202
782 203
827 202
914 296
963 296
1059 206
1107 204
1199 112
1241 114
1286 114
1374 206
1418 210
1493 208
1533 207
1573 208
1667 119
1716 119
1763 119
1810 119
1852 121
1901 121
1991 32
2037 34
2085 32
2171 -59
2211 -60
2300 32
2343 39
2388 38
2480 131
2527 132
2617 42
2661 44
2707 40
2751 38
2796 40
2835 43
2928 135
2976 137
3021 135
3067 133
3109 134
3150 136
3242 227
3284 233
3324 237
3414 332
3462 331
3556 238